185 224 153 72
237 7 232 132
250 224 30 139
227 199 11 0
117 46 84 228
76 51 51 66
217 114 22 201
143 162 3 247
158 217 206 221
216 44 1 191
103 130 134 23
6 14 197 125
240 117 94 91
150 79 186 79
214 133 255 205
191 126 205 240
197 242 165 199
164 92 227 109
239 141 69 78
29 137 201 142
53 215 121 149
72 188 162 136
35 190 223 171
98 142 85 152
59 154 199 190
245 210 230 56
50 171 177 126
208 244 246 106
105 222 112 222
24 155 225 134
14 230 190 165
16 252 133 231
55 205 154 58
109 121 202 214
95 119 113 243
38 36 78 29
70 105 136 166
94 55 2 98
207 221 114 228
212 211 249 207
189 216 64 238
39 203 56 37
43 201 88 57
249 187 229 237
173 56 47 255
187 107 86 124
192 189 34 39
34 67 222 196
232 24 71 137
241 187 90 118
143 10 91 254
236 249 45 184
12 169 123 88
63 150 148 101
41 45 127 35
96 161 110 80
242 29 175 194
140 38 102 239
160 39 125 248
190 102 191 121
177 140 50 148
68 229 65 172
136 18 61 69
166 118 0 40
58 157 160 62
176 243 53 72
111 69 172 116
226 64 200 89
137 106 169 145
116 228 194 96
117 251 196 64
40 189 215 28
48 146 129 70
75 101 8 43
203 208 187 90
17 76 167 77
111 202 63 51
159 248 211 86
126 26 152 122
106 85 156 180
28 11 44 143
56 182 184 245
22 72 5 71
76 5 145 230
142 253 87 195
125 97 80 68
228 86 239 123
215 58 177 46
170 78 122 99
36 231 100 138
83 62 166 168
97 180 164 113
135 20 12 30
178 131 157 84
19 132 161 49
44 213 204 163
18 204 253 9
144 96 226 18
227 6 235 120
117 87 207 104
118 8 142 170
247 198 247 186
61 2 241 209
254 120 117 131
195 41 160 200
64 177 11 173
34 29 40 130
75 50 246 11
167 43 180 191
194 54 93 249
204 212 66 14
9 252 193 157
115 236 137 108
131 198 237 179
1 179 118 201
107 149 222 95
201 136 41 69
234 13 128 218
53 125 55 107
163 23 51 210
119 233 126 159
212 186 209 47
132 174 82 115
10 170 188 81
21 19 141 169
91 208 72 159
80 45 243 25
31 116 151 12
101 58 24 220
250 240 234 246
156 36 43 194
134 41 107 153
100 129 116 15
196 0 187 33
157 77 13 128
183 249 124 144
65 109 59 54
25 70 161 10
42 31 28 70
225 71 171 144
210 172 76 182
169 16 214 155
110 226 7 227
71 99 248 154
33 35 150 219
206 194 93 226
86 184 149 137
128 237 37 13
18 232 236 213
224 83 73 94
15 61 138 130
26 89 195 19
102 3 47 241
188 37 38 110
170 181 66 44
74 30 178 85
168 21 234 59
183 192 42 248
214 255 54 251
23 42 203 83
88 125 38 211
108 158 115 171
114 74 130 158
184 183 112 52
164 95 9 54
2 204 187 20
148 159 62 197
13 182 157 50
118 166 192 65
5 17 173 169
145 138 74 167
151 115 31 242
235 84 105 55
69 139 183 75
82 48 15 61
161 209 46 133
92 132 251 217
229 47 19 135
244 196 153 119
171 191 81 1
128 59 238 5
73 163 39 117
252 214 221 200
246 12 79 244
154 225 120 208
32 164 23 127
248 98 183 129
139 254 48 23
20 219 95 151
205 247 35 2
124 90 58 110
58 235 188 229
140 27 146 26
199 66 89 250
10 195 60 224
87 91 182 67
86 176 0 7
62 200 130 42
211 40 139 225
251 160 250 223
127 15 21 247
175 128 198 21
200 93 184 103
253 112 103 133
129 207 10 188
36 151 18 45
9 188 17 178
77 32 20 112
80 80 52 13
238 34 75 53
60 94 132 22
213 229 220 164
243 9 111 217
250 65 131 41
220 108 83 87
120 143 97 102
112 246 4 198
223 185 163 33
147 241 49 16
230 1 25 181
218 73 41 97
66 53 108 192
85 36 106 27
11 178 228 221
137 152 179 106
206 60 135 206
174 28 233 114
220 147 176 143
193 234 218 150
186 168 27 162
123 144 152 177
121 223 108 190
122 173 112 76
233 255 126 24
49 18 116 187
7 197 253 127
172 207 189 36
149 193 133 202
99 207 104 160
138 110 1 93
8 114 1 189
93 157 48 253
231 52 159 135
162 221 19 9
255 75 33 102
131 68 210 34
90 113 224 105
142 173 87 204
113 49 143 234
52 239 217 216
182 145 181 6
37 156 92 217
209 57 16 48
30 123 231 29
222 122 20 63
141 133 201 249
57 220 147 210
130 148 140 156
92 98 144 108
79 113 5 174
84 88 208 146
180 173 212 67
0 104 101 252
89 245 77 68
155 127 68 198
27 124 185 176
223 63 98 147
81 162 67 149
153 100 213 233
123 250 219 100
51 4 32 92
163 167 29 32
202 227 77 38
179 135 57 236
156 55 252 3
198 165 99 191
165 131 96 141
78 103 216 111
3 33 245 46
181 25 209 212
13 81 244 203
54 11 34 235
241 111 26 215
104 178 188 183
45 134 70 31
47 218 158 8
137 238 168 161
132 175 138 255
46 169 254 74
55 255 170 41
171 82 201 17
219 8 240 82
67 206 14 193
4 224 109 140
152 7 6 4
140 210 242 185
34 236 155 73
146 59 36 60
133 22 119 232
221 153 174 175
