3.920298442244529724e-02 1.546683311462402344e-01 8.027189970016479492e-01
8.144915848970413208e-02 3.160150349140167236e-01 9.009487032890319824e-01
6.426431536674499512e-01 9.914398789405822754e-01 4.642234742641448975e-01
7.387321591377258301e-01 5.661779046058654785e-01 4.193427860736846924e-01
3.568179011344909668e-01 4.797241985797882080e-01 5.922434329986572266e-01
1.221357211470603943e-01 1.327805519104003906e-01 5.562773346900939941e-01
3.154455497860908508e-02 1.044967547059059143e-01 9.944267570972442627e-02
2.938850820064544678e-01 8.627131581306457520e-01 9.517968893051147461e-01
8.225634694099426270e-01 1.900360435247421265e-01 1.545439362525939941e-01
5.489604473114013672e-01 3.063513338565826416e-01 2.949280440807342529e-01
6.360523104667663574e-01 5.153246521949768066e-01 7.140454053878784180e-01
9.846595525741577148e-01 7.643972039222717285e-01 1.701470166444778442e-01
4.137692749500274658e-01 8.118651807308197021e-02 2.486261427402496338e-01
3.547328710556030273e-01 7.191763520240783691e-01 5.269936919212341309e-01
7.373768687248229980e-01 8.470539450645446777e-01 4.979980178177356720e-03
6.848005056381225586e-01 8.136915564537048340e-01 2.795478105545043945e-01
9.737918376922607422e-01 4.596386253833770752e-01 9.012419581413269043e-01
9.960476756095886230e-01 7.463338375091552734e-01 5.512043833732604980e-01
3.692907392978668213e-01 7.660903930664062500e-01 2.085937857627868652e-01
2.043282687664031982e-01 1.970108598470687866e-02 9.494273066520690918e-01
2.120970785617828369e-01 7.317680399864912033e-03 8.596305847167968750e-01
4.868241250514984131e-01 2.359198629856109619e-01 2.415478825569152832e-01
8.495767116546630859e-01 6.565701961517333984e-01 6.954874396324157715e-01
8.526320457458496094e-01 6.870137453079223633e-01 5.034954547882080078e-01
1.508891731500625610e-01 2.812050879001617432e-01 2.534831464290618896e-01
2.525947690010070801e-01 4.656087458133697510e-01 7.134880423545837402e-01
7.512658368796110153e-03 5.468894839286804199e-01 1.960565000772476196e-01
4.990570843219757080e-01 7.418906688690185547e-02 1.426584422588348389e-01
2.585799694061279297e-01 4.188967049121856689e-01 6.225076317787170410e-02
9.895297288894653320e-01 9.588238000869750977e-01 6.016559004783630371e-01
7.841049134731292725e-02 5.954789370298385620e-02 9.561952352523803711e-01
8.375184535980224609e-01 3.709621429443359375e-01 2.190575301647186279e-01
1.256335377693176270e-01 6.585301756858825684e-01 1.346490085124969482e-01
9.503046274185180664e-01 8.896089792251586914e-01 3.997512161731719971e-01
3.713694810867309570e-01 1.479717195034027100e-01 9.958356618881225586e-01
6.591436862945556641e-01 2.958579957485198975e-01 9.431791305541992188e-02
8.451496362686157227e-01 8.043431639671325684e-01 7.702471017837524414e-01
8.859188556671142578e-01 4.027189016342163086e-01 8.935195803642272949e-01
4.002457559108734131e-01 4.710744321346282959e-01 5.810671448707580566e-01
6.176403760910034180e-01 1.898530423641204834e-01 7.857712507247924805e-01
9.090192914009094238e-01 3.280316889286041260e-01 5.163715481758117676e-01
1.409415621310472488e-02 7.692900896072387695e-01 3.105643093585968018e-01
5.831464529037475586e-01 2.277976274490356445e-01 5.943524837493896484e-01
5.470952987670898438e-01 6.478235125541687012e-01 4.477742016315460205e-01
6.309108734130859375e-01 3.735481798648834229e-01 5.056136250495910645e-01
8.740232586860656738e-01 5.169085860252380371e-01 9.700245857238769531e-01
7.572691440582275391e-01 8.976038694381713867e-01 8.245702385902404785e-01
8.097134828567504883e-01 1.143765896558761597e-01 3.179712891578674316e-01
2.288703471422195435e-01 5.099691152572631836e-01 5.235941410064697266e-01
6.397030949592590332e-01 5.919676423072814941e-01 4.946793019771575928e-01
1.863055378198623657e-01 6.679705381393432617e-01 3.484652340412139893e-01
6.388262510299682617e-01 4.625006914138793945e-01 5.659868121147155762e-01
2.536366283893585205e-01 2.253370583057403564e-01 4.015579223632812500e-01
7.729689478874206543e-01 3.424467742443084717e-01 2.655604779720306396e-01
7.123206257820129395e-01 9.234840422868728638e-02 7.942900061607360840e-01
1.511919945478439331e-01 8.076536059379577637e-01 7.195318341255187988e-01
6.629137396812438965e-01 5.887673497200012207e-01 3.603103458881378174e-01
2.320923656225204468e-01 5.457355380058288574e-01 9.512955546379089355e-01
8.318526744842529297e-01 4.204744398593902588e-01 3.768753632903099060e-02
6.685863733291625977e-01 6.740921139717102051e-01 3.357016295194625854e-02
3.751153647899627686e-01 1.681853644549846649e-02 6.828058362007141113e-01
9.015858769416809082e-01 3.289833664894104004e-01 9.682344198226928711e-01
2.739015817642211914e-01 4.166320711374282837e-02 6.755980253219604492e-01
5.771388411521911621e-01 5.539489388465881348e-01 4.550082385540008545e-01
1.241739392280578613e-01 9.864123910665512085e-02 8.455810546875000000e-01
7.647728174924850464e-02 1.498107165098190308e-01 8.107552528381347656e-01
5.523338913917541504e-01 2.599342465400695801e-01 7.188687920570373535e-01
8.288515806198120117e-01 5.161986351013183594e-01 4.630824327468872070e-01
2.719486057758331299e-01 1.726708114147186279e-01 7.627245187759399414e-01
1.921214312314987183e-01 6.737102270126342773e-01 5.958846807479858398e-01
1.615932136774063110e-01 3.327890634536743164e-01 8.196164369583129883e-01
8.901267647743225098e-01 5.866966247558593750e-01 4.927853941917419434e-01
8.869411349296569824e-01 9.487240314483642578e-01 8.874614536762237549e-02
5.775609016418457031e-01 2.227246016263961792e-01 5.556608438491821289e-01
7.784245908260345459e-02 5.085930228233337402e-02 4.827706515789031982e-01
3.510607182979583740e-01 3.626938760280609131e-01 6.601098179817199707e-01
1.859194934368133545e-01 7.371150255203247070e-01 1.439653337001800537e-01
2.996316254138946533e-01 6.194812059402465820e-01 2.888156473636627197e-01
2.342799454927444458e-01 7.502684593200683594e-01 8.207282423973083496e-01
3.261882811784744263e-02 6.751189827919006348e-01 4.012714326381683350e-01
8.466311097145080566e-01 1.177817359566688538e-01 5.695959329605102539e-01
4.524551331996917725e-02 7.124928832054138184e-01 3.961457312107086182e-01
1.488956660032272339e-01 1.170532032847404480e-01 9.927937984466552734e-01
3.269322216510772705e-01 4.857785254716873169e-02 6.550757884979248047e-01
5.650877356529235840e-01 6.150078773498535156e-01 7.586213946342468262e-02
9.884174466133117676e-01 6.441435813903808594e-01 5.336682796478271484e-01
8.087369054555892944e-02 4.485447406768798828e-01 6.831601262092590332e-01
2.047335952520370483e-01 9.905610680580139160e-01 6.817752122879028320e-02
9.992793202400207520e-01 9.457476735115051270e-01 9.141082763671875000e-01
3.441140651702880859e-01 2.849532663822174072e-01 9.199064373970031738e-01
3.838227987289428711e-01 7.941841483116149902e-01 6.682010889053344727e-01
1.232389267534017563e-02 1.236130073666572571e-01 2.913652956485748291e-01
1.797715276479721069e-01 2.430778294801712036e-01 7.000262737274169922e-01
3.149189054965972900e-01 5.350635051727294922e-01 7.055492997169494629e-01
1.430569738149642944e-01 3.201096504926681519e-02 7.786689400672912598e-01
2.644852697849273682e-01 4.237661659717559814e-01 5.977438092231750488e-01
7.804051637649536133e-01 1.287571936845779419e-01 9.732143282890319824e-01
7.141161561012268066e-01 8.297784924507141113e-01 1.549832373857498169e-01
1.296955645084381104e-01 8.872602134943008423e-02 2.742876112461090088e-01
1.095596104860305786e-01 4.331681132316589355e-01 8.756205439567565918e-01
2.056697607040405273e-01 3.695310056209564209e-01 3.923904299736022949e-01
1.190054118633270264e-01 7.913426160812377930e-01 3.442658185958862305e-01
4.596459865570068359e-01 3.919973075389862061e-01 8.462217450141906738e-01
5.524365901947021484e-01 8.085927367210388184e-01 4.575312733650207520e-01
5.549262762069702148e-01 1.242283210158348083e-01 9.858223795890808105e-01
7.629891037940979004e-01 3.556716144084930420e-01 2.272499054670333862e-01
4.954803586006164551e-01 8.855833411216735840e-01 6.972671747207641602e-01
7.998064160346984863e-01 2.962194681167602539e-01 7.258950918912887573e-02
5.447168350219726562e-01 3.125386536121368408e-01 4.102519452571868896e-01
4.961218237876892090e-01 8.922260403633117676e-01 6.268423050642013550e-02
3.126488327980041504e-01 7.914733886718750000e-01 4.318875372409820557e-01
5.957932472229003906e-01 5.212966203689575195e-01 5.499491691589355469e-01
8.322517871856689453e-01 5.374512076377868652e-01 2.610327303409576416e-01
1.520261447876691818e-02 7.449389100074768066e-01 1.071067228913307190e-01
1.252276003360748291e-01 1.625518500804901123e-01 1.960488706827163696e-01
2.035197317600250244e-01 1.122052296996116638e-01 4.896916151046752930e-01
2.488765567541122437e-01 4.867295548319816589e-02 7.289027571678161621e-01
4.577118456363677979e-01 3.058071136474609375e-01 2.768478989601135254e-01
9.020614624023437500e-02 2.892094850540161133e-01 3.614227771759033203e-01
1.072150841355323792e-01 6.171565055847167969e-01 6.055010557174682617e-01
5.976239591836929321e-02 8.492356538772583008e-01 1.950846016407012939e-01
6.456684321165084839e-02 2.699645459651947021e-01 3.885060548782348633e-01
6.290833353996276855e-01 4.837009906768798828e-01 1.272744834423065186e-01
5.602073669433593750e-01 1.616277098655700684e-01 7.897184789180755615e-02
2.426252067089080811e-01 1.409004479646682739e-01 1.112772896885871887e-01
1.228544488549232483e-01 9.754890799522399902e-01 2.395343482494354248e-01
7.524898648262023926e-01 2.434427589178085327e-01 9.101823568344116211e-01
1.249686777591705322e-01 1.808418892323970795e-02 8.289163708686828613e-01
9.543665684759616852e-03 1.084890961647033691e-01 9.591939449310302734e-01
6.265401244163513184e-01 5.827137827873229980e-01 5.187988281250000000e-01
6.133543252944946289e-01 5.296319127082824707e-01 3.451547026634216309e-01
3.116633892059326172e-01 2.353500723838806152e-01 2.744162827730178833e-02
7.859717011451721191e-01 9.834771156311035156e-01 9.572023153305053711e-01
7.078539729118347168e-01 3.084018230438232422e-01 7.537270784378051758e-01
8.495655059814453125e-01 7.453623414039611816e-02 1.157320290803909302e-01
3.367067873477935791e-02 6.104280948638916016e-01 5.658494234085083008e-01
9.587882161140441895e-01 1.555514037609100342e-01 7.922451943159103394e-02
9.843364357948303223e-01 9.214782714843750000e-01 2.289381772279739380e-01
8.644766807556152344e-01 9.399597048759460449e-01 8.539132028818130493e-02
5.403722822666168213e-02 5.588260889053344727e-01 5.313370227813720703e-01
4.192734956741333008e-01 4.044078588485717773e-01 4.728854298591613770e-01
3.296570479869842529e-01 2.622404098510742188e-01 8.363943696022033691e-01
8.929132819175720215e-01 8.107999563217163086e-01 9.763023853302001953e-01
6.651794314384460449e-01 9.941006302833557129e-01 1.988838985562324524e-02
5.292317271232604980e-01 9.531190991401672363e-01 7.061650753021240234e-01
6.830795407295227051e-01 7.663459777832031250e-01 4.527060389518737793e-01
2.367603480815887451e-01 5.378057956695556641e-01 4.827795624732971191e-01
7.081217169761657715e-01 4.324263632297515869e-01 4.055274724960327148e-01
4.218907058238983154e-01 3.561840355396270752e-01 8.861731886863708496e-01
1.428386121988296509e-01 1.498738825321197510e-01 8.609556555747985840e-01
4.794541597366333008e-01 8.640203475952148438e-01 6.760735511779785156e-01
9.406050443649291992e-01 8.363622426986694336e-01 8.673554658889770508e-01
9.630584716796875000e-01 2.993029542267322540e-02 3.172089457511901855e-01
3.448718786239624023e-01 4.026935994625091553e-01 3.018523156642913818e-01
9.773846864700317383e-01 5.561819076538085938e-01 9.643433094024658203e-01
5.857540965080261230e-01 9.777420163154602051e-01 5.008320212364196777e-01
5.971950888633728027e-01 2.864644303917884827e-02 3.557550609111785889e-01
8.755105733871459961e-01 3.523849248886108398e-01 1.993654668331146240e-02
5.990819260478019714e-02 4.048320949077606201e-01 6.283806562423706055e-01
7.338284850120544434e-01 3.687210977077484131e-01 5.477677583694458008e-01
8.302457332611083984e-01 8.351247906684875488e-01 8.189768344163894653e-02
9.534221291542053223e-01 6.907343864440917969e-01 6.368493437767028809e-01
6.431470513343811035e-01 3.470114469528198242e-01 3.656564354896545410e-01
2.193491160869598389e-02 6.368814706802368164e-01 5.333918929100036621e-01
9.833227396011352539e-01 1.538551449775695801e-01 8.310218155384063721e-02
7.652993202209472656e-01 5.696805939078330994e-02 2.054311335086822510e-01
4.836361855268478394e-02 9.778293967247009277e-01 9.903804063796997070e-01
5.401470065116882324e-01 8.607541322708129883e-01 7.189775109291076660e-01
1.110166534781455994e-01 6.381889581680297852e-01 9.135536551475524902e-01
2.357798516750335693e-01 1.180338859558105469e-01 1.510993689298629761e-01
1.645795255899429321e-02 7.122500538825988770e-01 2.510360181331634521e-01
9.716318249702453613e-01 3.545463085174560547e-01 4.245502129197120667e-02
2.892092168331146240e-01 2.149567604064941406e-01 8.592652678489685059e-01
9.818787872791290283e-02 7.536767423152923584e-02 9.708183407783508301e-01
6.210426688194274902e-01 5.608206242322921753e-02 4.182305634021759033e-01
1.643334776163101196e-01 4.187969863414764404e-01 9.453204870223999023e-01
1.676130145788192749e-01 1.157832220196723938e-01 6.345953345298767090e-01
8.349204808473587036e-02 7.429848313331604004e-01 7.918827533721923828e-01
6.460605859756469727e-01 2.437981814146041870e-01 5.967109799385070801e-01
8.346474170684814453e-01 3.775501251220703125e-02 4.292562901973724365e-01
1.892076991498470306e-02 4.318278431892395020e-01 7.046236991882324219e-01
6.829781532287597656e-01 4.699720740318298340e-01 1.726459115743637085e-01
6.677404046058654785e-01 1.051393523812294006e-01 9.234464764595031738e-01
4.848816394805908203e-01 2.013962268829345703e-01 1.476540267467498779e-01
3.857153356075286865e-01 8.729219436645507812e-01 4.506981372833251953e-01
8.039970993995666504e-01 8.058968782424926758e-01 4.805167913436889648e-01
9.714748859405517578e-01 1.311476677656173706e-01 8.998264074325561523e-01
6.156125068664550781e-01 5.979580879211425781e-01 6.441414952278137207e-01
5.533873438835144043e-01 9.465144872665405273e-01 4.302506744861602783e-01
1.514951288700103760e-01 2.084930986166000366e-01 9.855595827102661133e-01
3.796052932739257812e-01 4.488378167152404785e-01 2.679788768291473389e-01
3.238216936588287354e-01 5.580930709838867188e-01 6.767996400594711304e-02
2.757464051246643066e-01 6.924795508384704590e-01 3.495438992977142334e-01
2.160473912954330444e-01 4.950948059558868408e-01 8.392818272113800049e-02
1.013892292976379395e-01 1.051232665777206421e-01 4.031966924667358398e-01
2.292849421501159668e-01 7.983865141868591309e-01 9.623023867607116699e-01
4.451752007007598877e-01 2.015374898910522461e-01 9.224483966827392578e-01
3.958440721035003662e-01 1.654864251613616943e-01 3.716598153114318848e-01
6.782369315624237061e-02 3.857871890068054199e-01 2.826245725154876709e-01
7.065469864755868912e-03 2.590774595737457275e-01 3.884449601173400879e-01
2.854147255420684814e-01 8.038895130157470703e-01 8.445441722869873047e-01
6.737378239631652832e-01 2.640113830566406250e-01 3.068221546709537506e-02
2.067132890224456787e-01 7.626848816871643066e-01 5.181779861450195312e-01
2.278138995170593262e-01 3.679808676242828369e-01 9.381490349769592285e-01
2.374770492315292358e-01 3.232170939445495605e-01 8.451244235038757324e-01
5.856052637100219727e-01 9.347550272941589355e-01 8.418884277343750000e-01
9.872814416885375977e-01 9.893291592597961426e-01 5.248749256134033203e-01
5.024013519287109375e-01 8.235955983400344849e-02 8.365740776062011719e-01
6.197806000709533691e-01 4.273407161235809326e-01 4.302186369895935059e-01
6.003586053848266602e-01 1.433291286230087280e-01 7.966433763504028320e-01
5.151320099830627441e-01 7.043260931968688965e-01 7.165549397468566895e-01
5.762630701065063477e-01 3.690686523914337158e-01 6.666537523269653320e-01
1.209707334637641907e-01 6.720024347305297852e-02 6.469652056694030762e-01
5.143947005271911621e-01 4.740352034568786621e-01 2.650339901447296143e-01
8.631936460733413696e-02 7.742964625358581543e-01 6.274687051773071289e-01
1.343618184328079224e-01 7.910288572311401367e-01 8.330835103988647461e-01
5.174287557601928711e-01 8.251640200614929199e-01 9.272825121879577637e-01
7.672925591468811035e-01 3.634656965732574463e-01 8.322269320487976074e-01
5.432754158973693848e-01 4.499322175979614258e-01 2.616108581423759460e-02
3.693475425243377686e-01 6.159321218729019165e-02 9.789763092994689941e-01
1.911307126283645630e-01 6.545184254646301270e-01 3.424156904220581055e-01
8.793416619300842285e-01 6.956146359443664551e-01 4.405716061592102051e-01
4.357484281063079834e-01 7.548848390579223633e-01 1.430235803127288818e-01
8.787050247192382812e-01 1.500656753778457642e-01 2.485380321741104126e-01
5.026791095733642578e-01 1.697844564914703369e-01 2.167837917804718018e-01
5.219402909278869629e-01 1.914320588111877441e-01 2.856343090534210205e-01
4.111634492874145508e-01 4.904102981090545654e-01 3.464403450489044189e-01
9.222912788391113281e-01 1.900235563516616821e-01 5.363768935203552246e-01
5.877875089645385742e-01 7.447203397750854492e-01 8.482140302658081055e-01
3.145366907119750977e-02 9.378564357757568359e-01 4.246428608894348145e-01
2.742649018764495850e-01 3.864844441413879395e-01 5.897903442382812500e-01
2.485743314027786255e-01 2.526492774486541748e-01 1.798302978277206421e-01
2.413758337497711182e-01 4.606743454933166504e-01 5.847186446189880371e-01
3.918026685714721680e-01 1.641734838485717773e-01 7.719690203666687012e-01
3.555176258087158203e-01 1.777485907077789307e-01 3.962092697620391846e-01
7.948127985000610352e-01 7.874605059623718262e-01 6.123564839363098145e-01
9.548494815826416016e-01 7.344388961791992188e-01 1.870100796222686768e-01
7.139849662780761719e-01 3.806972876191139221e-02 4.818661212921142578e-01
3.253279924392700195e-01 4.073105454444885254e-01 7.753627896308898926e-01
2.100571393966674805e-01 7.355340123176574707e-01 1.525157988071441650e-01
8.946257233619689941e-01 9.200677871704101562e-01 7.838472127914428711e-01
3.309047606308013201e-04 4.197880998253822327e-02 9.141305088996887207e-01
1.152639687061309814e-01 6.651166081428527832e-01 8.177635073661804199e-01
8.311053514480590820e-01 2.117146104574203491e-01 9.968287944793701172e-01
1.140020266175270081e-01 8.089452981948852539e-01 8.821695446968078613e-01
6.363807320594787598e-01 4.071406126022338867e-01 2.592541575431823730e-01
2.561033964157104492e-01 5.147910714149475098e-01 7.691627144813537598e-01
4.052439332008361816e-01 1.250026822090148926e-01 9.654035568237304688e-01
3.413909673690795898e-02 2.892458736896514893e-01 6.850771307945251465e-01
4.246771931648254395e-01 6.774432063102722168e-01 8.921281099319458008e-01
7.901699542999267578e-01 8.129563331604003906e-01 9.873310923576354980e-01
7.250204682350158691e-02 1.451631337404251099e-01 6.547014117240905762e-01
7.255899906158447266e-01 2.049281150102615356e-01 4.246292114257812500e-01
6.468173265457153320e-01 2.890448570251464844e-01 1.187310442328453064e-01
1.426610052585601807e-01 4.042598605155944824e-01 1.944141834974288940e-01
6.051528453826904297e-01 8.309627175331115723e-01 1.474087778478860855e-02
7.338714599609375000e-02 5.599045753479003906e-01 6.740962862968444824e-01
3.233989179134368896e-01 2.156240493059158325e-01 6.369613409042358398e-01
8.674399256706237793e-01 5.349875092506408691e-01 1.814744025468826294e-01
3.470698371529579163e-02 9.657376408576965332e-01 6.450679302215576172e-01
9.433351755142211914e-01 9.129996895790100098e-01 6.627324223518371582e-01
2.614087760448455811e-01 7.393084764480590820e-01 9.205216169357299805e-01
7.681804299354553223e-01 9.529364705085754395e-01 5.683367252349853516e-01
9.581799507141113281e-01 6.281049847602844238e-01 5.192453265190124512e-01
6.013444662094116211e-01 8.199455738067626953e-01 9.852461814880371094e-01
5.077403783798217773e-01 9.763882160186767578e-01 9.074454307556152344e-01
9.735193848609924316e-01 2.752132415771484375e-01 3.924427032470703125e-01
2.015642970800399780e-01 7.307729870080947876e-02 8.923290371894836426e-01
3.053698837757110596e-01 6.942185163497924805e-01 3.994557261466979980e-01
8.962736725807189941e-01 9.699249863624572754e-01 4.409536421298980713e-01
4.707915484905242920e-01 8.260773420333862305e-01 5.287594199180603027e-01
4.588934183120727539e-01 3.457311391830444336e-01 5.358399152755737305e-01
2.882003784179687500e-01 7.104216217994689941e-01 7.433494329452514648e-01
9.747212380170822144e-02 5.228118896484375000e-01 1.735558174550533295e-02
9.235641360282897949e-01 4.342816770076751709e-01 6.484977602958679199e-01
5.116355419158935547e-01 3.197817504405975342e-01 3.483095765113830566e-01
2.985491231083869934e-02 9.550266861915588379e-01 5.768873691558837891e-01
2.775952517986297607e-01 4.296429753303527832e-01 6.237456947565078735e-02
1.416606754064559937e-01 8.571953773498535156e-01 6.850333511829376221e-02
9.166347980499267578e-01 2.297175377607345581e-01 5.847625434398651123e-02
9.291176199913024902e-01 5.558307766914367676e-01 6.293740272521972656e-01
6.691009551286697388e-02 2.312160283327102661e-01 9.764975905418395996e-01
9.225514531135559082e-01 3.518353402614593506e-01 8.805363774299621582e-01
2.588522732257843018e-01 4.466045498847961426e-01 1.986182332038879395e-01
5.800662636756896973e-01 6.217196583747863770e-01 1.999513655900955200e-01
7.565122246742248535e-01 3.436535894870758057e-01 1.348452568054199219e-01
3.552825748920440674e-01 4.223062470555305481e-02 7.296602129936218262e-01
6.420023441314697266e-01 3.662031590938568115e-01 5.687978267669677734e-01
8.670136332511901855e-01 9.948654770851135254e-01 7.484440505504608154e-02
4.636459946632385254e-01 4.614641070365905762e-01 1.745327264070510864e-01
6.711891889572143555e-01 5.944367647171020508e-01 4.490639567375183105e-01
6.344949603080749512e-01 1.711665987968444824e-01 2.185810804367065430e-01
7.065500020980834961e-01 2.676647342741489410e-02 3.977636992931365967e-01
1.936312913894653320e-01 7.295520305633544922e-01 5.395027622580528259e-02
7.130219936370849609e-01 8.830918073654174805e-01 1.515049338340759277e-01
9.183543920516967773e-01 9.196622967720031738e-01 1.089517474174499512e-01
3.847740292549133301e-01 2.989909648895263672e-01 9.870103001594543457e-01
9.845160841941833496e-01 7.328700274229049683e-02 7.145532965660095215e-02
6.133025288581848145e-01 9.492464661598205566e-01 9.728488326072692871e-01
5.807446241378784180e-01 5.909439325332641602e-01 2.044880986213684082e-01
